-8.500000e-02 -4.000000e-01 9.574288e-03 2.698634e-02 -9.000000e-02 -3.950000e-01 9.857241e-03 2.929698e-02
-8.500000e-02 -4.000000e-01 9.574288e-03 2.698634e-02 -7.500000e-02 -4.000000e-01 9.691651e-03 2.759758e-02
-7.500000e-02 -4.000000e-01 9.691651e-03 2.759758e-02 -6.500000e-02 -4.000000e-01 9.773863e-03 2.809048e-02
-6.500000e-02 -4.000000e-01 9.773863e-03 2.809048e-02 -5.500000e-02 -4.000000e-01 9.828739e-03 2.846236e-02
-5.500000e-02 -4.000000e-01 9.828739e-03 2.846236e-02 -4.500000e-02 -4.000000e-01 9.864235e-03 2.871088e-02
-4.500000e-02 -4.000000e-01 9.864235e-03 2.871088e-02 -3.500000e-02 -4.000000e-01 9.888481e-03 2.883435e-02
-3.500000e-02 -4.000000e-01 9.888481e-03 2.883435e-02 -2.500000e-02 -4.000000e-01 9.909647e-03 2.883137e-02
-2.500000e-02 -4.000000e-01 9.909647e-03 2.883137e-02 -1.500000e-02 -4.000000e-01 9.935957e-03 2.870116e-02
-1.500000e-02 -4.000000e-01 9.935957e-03 2.870116e-02 -5.000000e-03 -4.000000e-01 9.975596e-03 2.844343e-02
-5.000000e-03 -4.000000e-01 9.975596e-03 2.844343e-02 5.000000e-03 -4.000000e-01 1.003668e-02 2.805833e-02
5.000000e-03 -4.000000e-01 1.003668e-02 2.805833e-02 1.500000e-02 -4.000000e-01 1.012718e-02 2.754650e-02
1.500000e-02 -4.000000e-01 1.012718e-02 2.754650e-02 2.000000e-02 -3.950000e-01 9.872430e-03 3.005816e-02
-1.450000e-01 -3.900000e-01 9.050216e-03 2.601163e-02 -1.500000e-01 -3.850000e-01 9.514397e-03 2.776020e-02
-1.450000e-01 -3.900000e-01 9.050216e-03 2.601163e-02 -1.350000e-01 -3.900000e-01 9.434094e-03 2.732013e-02
-1.350000e-01 -3.900000e-01 9.434094e-03 2.732013e-02 -1.250000e-01 -3.900000e-01 9.737074e-03 2.853237e-02
-1.250000e-01 -3.900000e-01 9.737074e-03 2.853237e-02 -1.150000e-01 -3.900000e-01 9.965265e-03 2.964319e-02
-1.150000e-01 -3.900000e-01 9.965265e-03 2.964319e-02 -1.050000e-01 -3.900000e-01 1.012525e-02 3.064783e-02
-1.050000e-01 -3.900000e-01 1.012525e-02 3.064783e-02 -9.500000e-02 -3.900000e-01 1.022400e-02 3.154169e-02
-9.000000e-02 -3.950000e-01 9.857241e-03 2.929698e-02 -9.500000e-02 -3.900000e-01 1.022400e-02 3.154169e-02
2.000000e-02 -3.950000e-01 9.872430e-03 3.005816e-02 2.500000e-02 -3.900000e-01 9.555874e-03 3.254061e-02
2.500000e-02 -3.900000e-01 9.555874e-03 3.254061e-02 3.500000e-02 -3.900000e-01 9.603180e-03 3.177817e-02
3.500000e-02 -3.900000e-01 9.603180e-03 3.177817e-02 4.500000e-02 -3.900000e-01 9.704968e-03 3.088938e-02
4.500000e-02 -3.900000e-01 9.704968e-03 3.088938e-02 5.500000e-02 -3.900000e-01 9.868671e-03 2.987681e-02
5.500000e-02 -3.900000e-01 9.868671e-03 2.987681e-02 6.500000e-02 -3.900000e-01 1.010134e-02 2.874364e-02
6.500000e-02 -3.900000e-01 1.010134e-02 2.874364e-02 7.500000e-02 -3.900000e-01 1.040963e-02 2.749328e-02
7.500000e-02 -3.900000e-01 1.040963e-02 2.749328e-02 8.000000e-02 -3.850000e-01 9.923028e-03 2.958094e-02
-1.750000e-01 -3.800000e-01 8.997229e-03 2.623158e-02 -1.800000e-01 -3.750000e-01 9.508170e-03 2.766579e-02
-1.750000e-01 -3.800000e-01 8.997229e-03 2.623158e-02 -1.650000e-01 -3.800000e-01 9.578637e-03 2.786761e-02
-1.650000e-01 -3.800000e-01 9.578637e-03 2.786761e-02 -1.550000e-01 -3.800000e-01 1.005770e-02 2.942308e-02
-1.500000e-01 -3.850000e-01 9.514397e-03 2.776020e-02 -1.550000e-01 -3.800000e-01 1.005770e-02 2.942308e-02
8.000000e-02 -3.850000e-01 9.923028e-03 2.958094e-02 8.500000e-02 -3.800000e-01 9.368426e-03 3.162270e-02
8.500000e-02 -3.800000e-01 9.368426e-03 3.162270e-02 9.500000e-02 -3.800000e-01 9.737351e-03 3.012335e-02
9.500000e-02 -3.800000e-01 9.737351e-03 3.012335e-02 1.050000e-01 -3.800000e-01 1.020376e-02 2.851593e-02
1.050000e-01 -3.800000e-01 1.020376e-02 2.851593e-02 1.150000e-01 -3.800000e-01 1.077268e-02 2.680537e-02
1.150000e-01 -3.800000e-01 1.077268e-02 2.680537e-02 1.200000e-01 -3.750000e-01 1.020662e-02 2.857602e-02
-2.050000e-01 -3.700000e-01 8.505596e-03 2.523813e-02 -2.100000e-01 -3.650000e-01 9.002485e-03 2.637357e-02
-2.050000e-01 -3.700000e-01 8.505596e-03 2.523813e-02 -1.950000e-01 -3.700000e-01 9.358548e-03 2.715242e-02
-1.950000e-01 -3.700000e-01 9.358548e-03 2.715242e-02 -1.850000e-01 -3.700000e-01 1.009169e-02 2.900491e-02
-1.800000e-01 -3.750000e-01 9.508170e-03 2.766579e-02 -1.850000e-01 -3.700000e-01 1.009169e-02 2.900491e-02
1.200000e-01 -3.750000e-01 1.020662e-02 2.857602e-02 1.250000e-01 -3.700000e-01 9.573951e-03 3.028861e-02
1.250000e-01 -3.700000e-01 9.573951e-03 3.028861e-02 1.350000e-01 -3.700000e-01 1.026958e-02 2.834839e-02
1.350000e-01 -3.700000e-01 1.026958e-02 2.834839e-02 1.450000e-01 -3.700000e-01 1.108501e-02 2.631894e-02
1.450000e-01 -3.700000e-01 1.108501e-02 2.631894e-02 1.500000e-01 -3.650000e-01 1.049792e-02 2.783675e-02
-2.350000e-01 -3.600000e-01 7.320478e-03 2.318384e-02 -2.400000e-01 -3.550000e-01 7.744083e-03 2.404817e-02
-2.350000e-01 -3.600000e-01 7.320478e-03 2.318384e-02 -2.250000e-01 -3.600000e-01 8.507365e-03 2.531631e-02
-2.250000e-01 -3.600000e-01 8.507365e-03 2.531631e-02 -2.150000e-01 -3.600000e-01 9.561900e-03 2.740730e-02
-2.100000e-01 -3.650000e-01 9.002485e-03 2.637357e-02 -2.150000e-01 -3.600000e-01 9.561900e-03 2.740730e-02
1.500000e-01 -3.650000e-01 1.049792e-02 2.783675e-02 1.550000e-01 -3.600000e-01 9.848161e-03 2.928759e-02
1.550000e-01 -3.600000e-01 9.848161e-03 2.928759e-02 1.650000e-01 -3.600000e-01 1.083603e-02 2.705164e-02
1.650000e-01 -3.600000e-01 1.083603e-02 2.705164e-02 1.700000e-01 -3.550000e-01 1.024233e-02 2.838059e-02
-2.450000e-01 -3.500000e-01 8.217548e-03 2.480778e-02 -2.500000e-01 -3.450000e-01 8.634686e-03 2.552009e-02
-2.400000e-01 -3.550000e-01 7.744083e-03 2.404817e-02 -2.450000e-01 -3.500000e-01 8.217548e-03 2.480778e-02
1.700000e-01 -3.550000e-01 1.024233e-02 2.838059e-02 1.750000e-01 -3.500000e-01 9.589750e-03 2.963623e-02
1.750000e-01 -3.500000e-01 9.589750e-03 2.963623e-02 1.850000e-01 -3.500000e-01 1.078042e-02 2.721267e-02
1.850000e-01 -3.500000e-01 1.078042e-02 2.721267e-02 1.900000e-01 -3.450000e-01 1.020418e-02 2.835539e-02
-2.650000e-01 -3.400000e-01 7.545040e-03 2.377740e-02 -2.700000e-01 -3.350000e-01 7.877182e-03 2.430407e-02
-2.650000e-01 -3.400000e-01 7.545040e-03 2.377740e-02 -2.550000e-01 -3.400000e-01 9.096230e-03 2.612505e-02
-2.500000e-01 -3.450000e-01 8.634686e-03 2.552009e-02 -2.550000e-01 -3.400000e-01 9.096230e-03 2.612505e-02
1.900000e-01 -3.450000e-01 1.020418e-02 2.835539e-02 1.950000e-01 -3.400000e-01 9.574242e-03 2.941925e-02
1.950000e-01 -3.400000e-01 9.574242e-03 2.941925e-02 2.050000e-01 -3.400000e-01 1.099461e-02 2.683065e-02
2.050000e-01 -3.400000e-01 1.099461e-02 2.683065e-02 2.100000e-01 -3.350000e-01 1.045971e-02 2.779327e-02
-2.850000e-01 -3.300000e-01 6.407645e-03 2.230070e-02 -2.900000e-01 -3.250000e-01 6.627581e-03 2.266400e-02
-2.850000e-01 -3.300000e-01 6.407645e-03 2.230070e-02 -2.750000e-01 -3.300000e-01 8.243001e-03 2.472357e-02
-2.700000e-01 -3.350000e-01 7.877182e-03 2.430407e-02 -2.750000e-01 -3.300000e-01 8.243001e-03 2.472357e-02
2.100000e-01 -3.350000e-01 1.045971e-02 2.779327e-02 2.150000e-01 -3.300000e-01 9.877559e-03 2.867250e-02
2.150000e-01 -3.300000e-01 9.877559e-03 2.867250e-02 2.250000e-01 -3.300000e-01 1.155016e-02 2.594454e-02
2.250000e-01 -3.300000e-01 1.155016e-02 2.594454e-02 2.300000e-01 -3.250000e-01 1.107958e-02 2.673643e-02
-2.950000e-01 -3.200000e-01 6.869869e-03 2.292239e-02 -3.000000e-01 -3.150000e-01 7.033181e-03 2.316195e-02
-2.900000e-01 -3.250000e-01 6.627581e-03 2.266400e-02 -2.950000e-01 -3.200000e-01 6.869869e-03 2.292239e-02
2.300000e-01 -3.250000e-01 1.107958e-02 2.673643e-02 2.350000e-01 -3.200000e-01 1.056916e-02 2.744167e-02
2.350000e-01 -3.200000e-01 1.056916e-02 2.744167e-02 2.450000e-01 -3.200000e-01 1.251158e-02 2.460211e-02
2.450000e-01 -3.200000e-01 1.251158e-02 2.460211e-02 2.500000e-01 -3.150000e-01 1.212662e-02 2.523565e-02
-3.050000e-01 -3.100000e-01 7.211633e-03 2.329755e-02 -3.100000e-01 -3.050000e-01 7.306340e-03 2.342174e-02
-3.000000e-01 -3.150000e-01 7.033181e-03 2.316195e-02 -3.050000e-01 -3.100000e-01 7.211633e-03 2.329755e-02
2.500000e-01 -3.150000e-01 1.212662e-02 2.523565e-02 2.550000e-01 -3.100000e-01 1.170996e-02 2.578074e-02
2.550000e-01 -3.100000e-01 1.170996e-02 2.578074e-02 2.600000e-01 -3.050000e-01 1.136121e-02 2.629656e-02
-3.250000e-01 -3.000000e-01 4.938740e-03 2.094473e-02 -3.300000e-01 -2.950000e-01 4.866077e-03 2.096315e-02
-3.250000e-01 -3.000000e-01 4.938740e-03 2.094473e-02 -3.150000e-01 -3.000000e-01 7.408617e-03 2.344386e-02
-3.100000e-01 -3.050000e-01 7.306340e-03 2.342174e-02 -3.150000e-01 -3.000000e-01 7.408617e-03 2.344386e-02
2.600000e-01 -3.050000e-01 1.136121e-02 2.629656e-02 2.650000e-01 -3.000000e-01 1.098572e-02 2.672197e-02
2.650000e-01 -3.000000e-01 1.098572e-02 2.672197e-02 2.700000e-01 -2.950000e-01 1.068227e-02 2.712323e-02
-3.350000e-01 -2.900000e-01 4.789629e-03 2.088623e-02 -3.400000e-01 -2.850000e-01 4.623238e-03 2.081680e-02
-3.300000e-01 -2.950000e-01 4.866077e-03 2.096315e-02 -3.350000e-01 -2.900000e-01 4.789629e-03 2.088623e-02
2.700000e-01 -2.950000e-01 1.068227e-02 2.712323e-02 2.750000e-01 -2.900000e-01 1.035743e-02 2.743270e-02
2.750000e-01 -2.900000e-01 1.035743e-02 2.743270e-02 2.850000e-01 -2.900000e-01 1.287040e-02 2.442118e-02
2.850000e-01 -2.900000e-01 1.287040e-02 2.442118e-02 2.900000e-01 -2.850000e-01 1.269663e-02 2.469685e-02
-3.450000e-01 -2.800000e-01 4.445641e-03 2.065608e-02 -3.500000e-01 -2.750000e-01 4.176164e-03 2.051023e-02
-3.400000e-01 -2.850000e-01 4.623238e-03 2.081680e-02 -3.450000e-01 -2.800000e-01 4.445641e-03 2.065608e-02
2.900000e-01 -2.850000e-01 1.269663e-02 2.469685e-02 2.950000e-01 -2.800000e-01 1.251052e-02 2.488220e-02
2.950000e-01 -2.800000e-01 1.251052e-02 2.488220e-02 3.000000e-01 -2.750000e-01 1.240246e-02 2.505807e-02
-3.500000e-01 -2.750000e-01 4.176164e-03 2.051023e-02 -3.500000e-01 -2.650000e-01 6.618315e-03 2.248745e-02
3.000000e-01 -2.750000e-01 1.240246e-02 2.505807e-02 3.050000e-01 -2.700000e-01 1.228779e-02 2.514381e-02
3.050000e-01 -2.700000e-01 1.228779e-02 2.514381e-02 3.100000e-01 -2.650000e-01 1.225328e-02 2.522586e-02
-3.550000e-01 -2.600000e-01 6.307442e-03 2.216967e-02 -3.600000e-01 -2.550000e-01 5.900993e-03 2.187842e-02
-3.500000e-01 -2.650000e-01 6.618315e-03 2.248745e-02 -3.550000e-01 -2.600000e-01 6.307442e-03 2.216967e-02
3.100000e-01 -2.650000e-01 1.225328e-02 2.522586e-02 3.150000e-01 -2.600000e-01 1.221800e-02 2.521866e-02
3.150000e-01 -2.600000e-01 1.221800e-02 2.521866e-02 3.200000e-01 -2.550000e-01 1.226438e-02 2.521359e-02
-3.650000e-01 -2.500000e-01 5.464563e-03 2.150786e-02 -3.700000e-01 -2.450000e-01 4.932706e-03 2.117062e-02
-3.600000e-01 -2.550000e-01 5.900993e-03 2.187842e-02 -3.650000e-01 -2.500000e-01 5.464563e-03 2.150786e-02
3.200000e-01 -2.550000e-01 1.226438e-02 2.521359e-02 3.250000e-01 -2.500000e-01 1.231585e-02 2.512076e-02
3.250000e-01 -2.500000e-01 1.231585e-02 2.512076e-02 3.300000e-01 -2.450000e-01 1.244988e-02 2.503595e-02
-3.750000e-01 -2.400000e-01 4.364252e-03 2.076090e-02 -3.800000e-01 -2.350000e-01 3.701235e-03 2.039085e-02
-3.700000e-01 -2.450000e-01 4.932706e-03 2.117062e-02 -3.750000e-01 -2.400000e-01 4.364252e-03 2.076090e-02
3.300000e-01 -2.450000e-01 1.244988e-02 2.503595e-02 3.350000e-01 -2.400000e-01 1.259484e-02 2.486552e-02
3.350000e-01 -2.400000e-01 1.259484e-02 2.486552e-02 3.400000e-01 -2.350000e-01 1.282262e-02 2.470888e-02
-3.800000e-01 -2.350000e-01 3.701235e-03 2.039085e-02 -3.800000e-01 -2.250000e-01 5.934383e-03 2.175277e-02
3.400000e-01 -2.350000e-01 1.282262e-02 2.470888e-02 3.450000e-01 -2.300000e-01 1.306698e-02 2.446939e-02
3.450000e-01 -2.300000e-01 1.306698e-02 2.446939e-02 3.500000e-01 -2.250000e-01 1.339386e-02 2.424920e-02
-3.850000e-01 -2.200000e-01 5.181482e-03 2.125528e-02 -3.900000e-01 -2.150000e-01 4.334733e-03 2.080773e-02
-3.800000e-01 -2.250000e-01 5.934383e-03 2.175277e-02 -3.850000e-01 -2.200000e-01 5.181482e-03 2.125528e-02
3.500000e-01 -2.250000e-01 1.339386e-02 2.424920e-02 3.550000e-01 -2.200000e-01 1.374282e-02 2.394953e-02
3.550000e-01 -2.200000e-01 1.374282e-02 2.394953e-02 3.600000e-01 -2.150000e-01 1.417337e-02 2.367452e-02
-3.950000e-01 -2.100000e-01 3.435533e-03 2.030609e-02 -4.000000e-01 -2.050000e-01 2.445197e-03 1.985925e-02
-3.900000e-01 -2.150000e-01 4.334733e-03 2.080773e-02 -3.950000e-01 -2.100000e-01 3.435533e-03 2.030609e-02
3.600000e-01 -2.150000e-01 1.417337e-02 2.367452e-02 3.600000e-01 -2.050000e-01 1.126616e-02 2.588007e-02
-4.000000e-01 -2.050000e-01 2.445197e-03 1.985925e-02 -4.000000e-01 -1.950000e-01 4.430509e-03 2.085846e-02
3.600000e-01 -2.050000e-01 1.126616e-02 2.588007e-02 3.650000e-01 -2.000000e-01 1.175498e-02 2.545439e-02
3.650000e-01 -2.000000e-01 1.175498e-02 2.545439e-02 3.700000e-01 -1.950000e-01 1.232504e-02 2.506217e-02
-4.000000e-01 -1.950000e-01 4.430509e-03 2.085846e-02 -4.000000e-01 -1.850000e-01 6.362176e-03 2.172116e-02
3.700000e-01 -1.950000e-01 1.232504e-02 2.506217e-02 3.750000e-01 -1.900000e-01 1.293093e-02 2.459970e-02
3.750000e-01 -1.900000e-01 1.293093e-02 2.459970e-02 3.800000e-01 -1.850000e-01 1.361585e-02 2.417527e-02
-4.050000e-01 -1.800000e-01 5.189033e-03 2.115036e-02 -4.100000e-01 -1.750000e-01 3.928717e-03 2.064605e-02
-4.000000e-01 -1.850000e-01 6.362176e-03 2.172116e-02 -4.050000e-01 -1.800000e-01 5.189033e-03 2.115036e-02
3.800000e-01 -1.850000e-01 1.361585e-02 2.417527e-02 3.850000e-01 -1.800000e-01 1.434095e-02 2.368582e-02
3.850000e-01 -1.800000e-01 1.434095e-02 2.368582e-02 3.900000e-01 -1.750000e-01 1.514240e-02 2.323852e-02
-4.100000e-01 -1.750000e-01 3.928717e-03 2.064605e-02 -4.100000e-01 -1.650000e-01 5.663600e-03 2.131580e-02
3.900000e-01 -1.750000e-01 1.514240e-02 2.323852e-02 3.900000e-01 -1.650000e-01 1.249303e-02 2.487362e-02
-4.150000e-01 -1.600000e-01 4.264138e-03 2.076110e-02 -4.200000e-01 -1.550000e-01 2.783196e-03 2.027860e-02
-4.100000e-01 -1.650000e-01 5.663600e-03 2.131580e-02 -4.150000e-01 -1.600000e-01 4.264138e-03 2.076110e-02
3.900000e-01 -1.650000e-01 1.249303e-02 2.487362e-02 3.950000e-01 -1.600000e-01 1.338609e-02 2.430957e-02
3.950000e-01 -1.600000e-01 1.338609e-02 2.430957e-02 4.000000e-01 -1.550000e-01 1.435229e-02 2.379474e-02
-4.200000e-01 -1.550000e-01 2.783196e-03 2.027860e-02 -4.200000e-01 -1.450000e-01 4.296677e-03 2.079854e-02
4.000000e-01 -1.550000e-01 1.435229e-02 2.379474e-02 4.000000e-01 -1.450000e-01 1.185271e-02 2.516175e-02
-4.200000e-01 -1.450000e-01 4.296677e-03 2.079854e-02 -4.200000e-01 -1.350000e-01 5.724149e-03 2.121608e-02
4.000000e-01 -1.450000e-01 1.185271e-02 2.516175e-02 4.050000e-01 -1.400000e-01 1.292372e-02 2.454768e-02
4.050000e-01 -1.400000e-01 1.292372e-02 2.454768e-02 4.100000e-01 -1.350000e-01 1.406351e-02 2.398892e-02
-4.250000e-01 -1.300000e-01 4.016531e-03 2.070918e-02 -4.300000e-01 -1.250000e-01 2.235897e-03 2.028045e-02
-4.200000e-01 -1.350000e-01 5.724149e-03 2.121608e-02 -4.250000e-01 -1.300000e-01 4.016531e-03 2.070918e-02
4.100000e-01 -1.350000e-01 1.406351e-02 2.398892e-02 4.100000e-01 -1.250000e-01 1.173881e-02 2.511229e-02
-4.300000e-01 -1.250000e-01 2.235897e-03 2.028045e-02 -4.300000e-01 -1.150000e-01 3.413327e-03 2.061124e-02
4.100000e-01 -1.250000e-01 1.173881e-02 2.511229e-02 4.150000e-01 -1.200000e-01 1.299436e-02 2.447404e-02
4.150000e-01 -1.200000e-01 1.299436e-02 2.447404e-02 4.200000e-01 -1.150000e-01 1.431344e-02 2.389596e-02
-4.300000e-01 -1.150000e-01 3.413327e-03 2.061124e-02 -4.300000e-01 -1.050000e-01 4.489846e-03 2.086454e-02
4.200000e-01 -1.150000e-01 1.431344e-02 2.389596e-02 4.200000e-01 -1.050000e-01 1.218550e-02 2.480473e-02
-4.300000e-01 -1.050000e-01 4.489846e-03 2.086454e-02 -4.300000e-01 -9.500000e-02 5.460627e-03 2.104772e-02
4.200000e-01 -1.050000e-01 1.218550e-02 2.480473e-02 4.250000e-01 -1.000000e-01 1.362865e-02 2.416855e-02
4.250000e-01 -1.000000e-01 1.362865e-02 2.416855e-02 4.300000e-01 -9.500000e-02 1.512944e-02 2.359597e-02
-4.300000e-01 -9.500000e-02 5.460627e-03 2.104772e-02 -4.300000e-01 -8.500000e-02 6.321199e-03 2.116857e-02
4.300000e-01 -9.500000e-02 1.512944e-02 2.359597e-02 4.300000e-01 -8.500000e-02 1.321628e-02 2.432289e-02
-4.300000e-01 -8.500000e-02 6.321199e-03 2.116857e-02 -4.300000e-01 -7.500000e-02 7.067449e-03 2.123525e-02
-1.500000e-02 -8.000000e-02 3.101649e-02 1.464647e-01 -2.000000e-02 -7.500000e-02 3.819069e-02 1.441326e-01
-1.500000e-02 -8.000000e-02 3.101649e-02 1.464647e-01 -5.000000e-03 -8.000000e-02 1.979319e-02 1.491637e-01
-5.000000e-03 -8.000000e-02 1.979319e-02 1.491637e-01 5.000000e-03 -8.000000e-02 8.327461e-03 1.507754e-01
5.000000e-03 -8.000000e-02 8.327461e-03 1.507754e-01 1.500000e-02 -8.000000e-02 -3.080618e-03 1.512444e-01
1.500000e-02 -8.000000e-02 -3.080618e-03 1.512444e-01 2.500000e-02 -8.000000e-02 -1.413581e-02 1.505899e-01
2.500000e-02 -8.000000e-02 -1.413581e-02 1.505899e-01 3.000000e-02 -7.500000e-02 -2.019422e-02 1.497470e-01
4.300000e-01 -8.500000e-02 1.321628e-02 2.432289e-02 4.350000e-01 -8.000000e-02 1.484656e-02 2.371453e-02
4.350000e-01 -8.000000e-02 1.484656e-02 2.371453e-02 4.400000e-01 -7.500000e-02 1.652813e-02 2.317179e-02
-4.300000e-01 -7.500000e-02 7.067449e-03 2.123525e-02 -4.300000e-01 -6.500000e-02 7.695682e-03 2.125627e-02
-3.500000e-02 -7.000000e-02 5.680443e-02 1.359484e-01 -4.000000e-02 -6.500000e-02 6.441890e-02 1.314747e-01
-3.500000e-02 -7.000000e-02 5.680443e-02 1.359484e-01 -2.500000e-02 -7.000000e-02 4.612671e-02 1.410590e-01
-2.000000e-02 -7.500000e-02 3.819069e-02 1.441326e-01 -2.500000e-02 -7.000000e-02 4.612671e-02 1.410590e-01
3.000000e-02 -7.500000e-02 -2.019422e-02 1.497470e-01 3.500000e-02 -7.000000e-02 -2.687557e-02 1.484787e-01
3.500000e-02 -7.000000e-02 -2.687557e-02 1.484787e-01 4.500000e-02 -7.000000e-02 -3.735829e-02 1.455685e-01
4.500000e-02 -7.000000e-02 -3.735829e-02 1.455685e-01 5.500000e-02 -7.000000e-02 -4.668934e-02 1.418726e-01
5.500000e-02 -7.000000e-02 -4.668934e-02 1.418726e-01 6.000000e-02 -6.500000e-02 -5.286625e-02 1.388732e-01
4.400000e-01 -7.500000e-02 1.652813e-02 2.317179e-02 4.400000e-01 -6.500000e-02 1.484341e-02 2.375228e-02
-4.350000e-01 -6.000000e-02 5.346420e-03 2.099511e-02 -4.400000e-01 -5.500000e-02 2.945242e-03 2.081502e-02
-4.300000e-01 -6.500000e-02 7.695682e-03 2.125627e-02 -4.350000e-01 -6.000000e-02 5.346420e-03 2.099511e-02
-5.500000e-02 -6.000000e-02 8.113795e-02 1.193422e-01 -6.000000e-02 -5.500000e-02 8.803436e-02 1.131311e-01
-5.500000e-02 -6.000000e-02 8.113795e-02 1.193422e-01 -4.500000e-02 -6.000000e-02 7.259651e-02 1.259837e-01
-4.000000e-02 -6.500000e-02 6.441890e-02 1.314747e-01 -4.500000e-02 -6.000000e-02 7.259651e-02 1.259837e-01
6.000000e-02 -6.500000e-02 -5.286625e-02 1.388732e-01 6.500000e-02 -6.000000e-02 -5.948633e-02 1.351380e-01
6.500000e-02 -6.000000e-02 -5.948633e-02 1.351380e-01 7.000000e-02 -5.500000e-02 -6.556249e-02 1.310274e-01
4.400000e-01 -6.500000e-02 1.484341e-02 2.375228e-02 4.400000e-01 -5.500000e-02 1.326275e-02 2.422042e-02
-4.400000e-01 -5.500000e-02 2.945242e-03 2.081502e-02 -4.400000e-01 -4.500000e-02 3.290561e-03 2.089478e-02
-6.500000e-02 -5.000000e-02 9.504704e-02 1.059343e-01 -7.000000e-02 -4.500000e-02 1.011938e-01 9.877287e-02
-6.000000e-02 -5.500000e-02 8.803436e-02 1.131311e-01 -6.500000e-02 -5.000000e-02 9.504704e-02 1.059343e-01
7.000000e-02 -5.500000e-02 -6.556249e-02 1.310274e-01 7.500000e-02 -5.000000e-02 -7.192163e-02 1.260632e-01
7.500000e-02 -5.000000e-02 -7.192163e-02 1.260632e-01 8.000000e-02 -4.500000e-02 -7.755932e-02 1.209210e-01
4.400000e-01 -5.500000e-02 1.326275e-02 2.422042e-02 4.450000e-01 -5.000000e-02 1.514406e-02 2.366547e-02
4.450000e-01 -5.000000e-02 1.514406e-02 2.366547e-02 4.500000e-01 -4.500000e-02 1.706798e-02 2.317752e-02
-4.400000e-01 -4.500000e-02 3.290561e-03 2.089478e-02 -4.400000e-01 -3.500000e-02 3.513423e-03 2.095787e-02
-7.000000e-02 -4.500000e-02 1.011938e-01 9.877287e-02 -7.000000e-02 -3.500000e-02 1.079923e-01 8.956504e-02
8.000000e-02 -4.500000e-02 -7.755932e-02 1.209210e-01 8.500000e-02 -4.000000e-02 -8.325141e-02 1.148964e-01
8.500000e-02 -4.000000e-02 -8.325141e-02 1.148964e-01 9.000000e-02 -3.500000e-02 -8.813563e-02 1.089380e-01
4.500000e-01 -4.500000e-02 1.706798e-02 2.317752e-02 4.500000e-01 -3.500000e-02 1.573117e-02 2.355190e-02
-4.400000e-01 -3.500000e-02 3.513423e-03 2.095787e-02 -4.400000e-01 -2.500000e-02 3.612158e-03 2.101312e-02
-7.500000e-02 -3.000000e-02 1.135462e-01 8.081686e-02 -8.000000e-02 -2.500000e-02 1.181350e-01 7.259928e-02
-7.000000e-02 -3.500000e-02 1.079923e-01 8.956504e-02 -7.500000e-02 -3.000000e-02 1.135462e-01 8.081686e-02
9.000000e-02 -3.500000e-02 -8.813563e-02 1.089380e-01 9.500000e-02 -3.000000e-02 -9.282932e-02 1.021845e-01
9.500000e-02 -3.000000e-02 -9.282932e-02 1.021845e-01 1.000000e-01 -2.500000e-02 -9.673778e-02 9.572780e-02
4.500000e-01 -3.500000e-02 1.573117e-02 2.355190e-02 4.500000e-01 -2.500000e-02 1.450927e-02 2.383577e-02
-4.400000e-01 -2.500000e-02 3.612158e-03 2.101312e-02 -4.400000e-01 -1.500000e-02 3.585634e-03 2.106936e-02
-8.000000e-02 -2.500000e-02 1.181350e-01 7.259928e-02 -8.000000e-02 -1.500000e-02 1.235044e-01 6.073591e-02
1.000000e-01 -2.500000e-02 -9.673778e-02 9.572780e-02 1.000000e-01 -1.500000e-02 -1.013766e-01 8.620927e-02
4.500000e-01 -2.500000e-02 1.450927e-02 2.383577e-02 4.500000e-01 -1.500000e-02 1.340611e-02 2.403587e-02
-4.400000e-01 -1.500000e-02 3.585634e-03 2.106936e-02 -4.350000e-01 -1.000000e-02 6.219300e-03 2.102613e-02
-4.350000e-01 -1.000000e-02 6.219300e-03 2.102613e-02 -4.300000e-01 -5.000000e-03 8.835919e-03 2.092900e-02
-8.500000e-02 -1.000000e-02 1.266796e-01 5.199962e-02 -9.000000e-02 -5.000000e-03 1.291280e-01 4.406192e-02
-8.000000e-02 -1.500000e-02 1.235044e-01 6.073591e-02 -8.500000e-02 -1.000000e-02 1.266796e-01 5.199962e-02
1.000000e-01 -1.500000e-02 -1.013766e-01 8.620927e-02 1.050000e-01 -1.000000e-02 -1.043501e-01 7.864126e-02
1.050000e-01 -1.000000e-02 -1.043501e-01 7.864126e-02 1.100000e-01 -5.000000e-03 -1.066810e-01 7.166538e-02
4.500000e-01 -1.500000e-02 1.340611e-02 2.403587e-02 4.550000e-01 -1.000000e-02 1.559605e-02 2.360739e-02
4.550000e-01 -1.000000e-02 1.559605e-02 2.360739e-02 4.600000e-01 -5.000000e-03 1.781755e-02 2.324406e-02
-4.300000e-01 -5.000000e-03 8.835919e-03 2.092900e-02 -4.300000e-01 5.000000e-03 8.573420e-03 2.088547e-02
-9.000000e-02 -5.000000e-03 1.291280e-01 4.406192e-02 -9.000000e-02 5.000000e-03 1.319613e-01 3.142602e-02
1.100000e-01 -5.000000e-03 -1.066810e-01 7.166538e-02 1.100000e-01 5.000000e-03 -1.094082e-01 5.998749e-02
4.600000e-01 -5.000000e-03 1.781755e-02 2.324406e-02 4.600000e-01 5.000000e-03 1.696648e-02 2.342355e-02
-4.300000e-01 5.000000e-03 8.573420e-03 2.088547e-02 -4.300000e-01 1.500000e-02 8.180804e-03 2.086974e-02
-9.000000e-02 5.000000e-03 1.319613e-01 3.142602e-02 -9.000000e-02 1.500000e-02 1.336110e-01 1.853122e-02
1.100000e-01 5.000000e-03 -1.094082e-01 5.998749e-02 1.100000e-01 1.500000e-02 -1.110387e-01 4.721247e-02
4.600000e-01 5.000000e-03 1.696648e-02 2.342355e-02 4.600000e-01 1.500000e-02 1.623931e-02 2.354475e-02
-4.300000e-01 1.500000e-02 8.180804e-03 2.086974e-02 -4.300000e-01 2.500000e-02 7.658846e-03 2.089073e-02
-9.000000e-02 1.500000e-02 1.336110e-01 1.853122e-02 -9.000000e-02 2.500000e-02 1.340186e-01 5.756260e-03
1.100000e-01 1.500000e-02 -1.110387e-01 4.721247e-02 1.150000e-01 2.000000e-02 -1.113825e-01 4.026430e-02
1.150000e-01 2.000000e-02 -1.113825e-01 4.026430e-02 1.200000e-01 2.500000e-02 -1.114555e-01 3.394587e-02
4.600000e-01 1.500000e-02 1.623931e-02 2.354475e-02 4.600000e-01 2.500000e-02 1.563819e-02 2.361573e-02
-4.300000e-01 2.500000e-02 7.658846e-03 2.089073e-02 -4.300000e-01 3.500000e-02 7.008917e-03 2.095714e-02
-9.000000e-02 2.500000e-02 1.340186e-01 5.756260e-03 -9.000000e-02 3.500000e-02 1.332182e-01 -6.536622e-03
1.200000e-01 2.500000e-02 -1.114555e-01 3.394587e-02 1.200000e-01 3.500000e-02 -1.105966e-01 2.130403e-02
4.600000e-01 2.500000e-02 1.563819e-02 2.361573e-02 4.600000e-01 3.500000e-02 1.516481e-02 2.364491e-02
-4.300000e-01 3.500000e-02 7.008917e-03 2.095714e-02 -4.300000e-01 4.500000e-02 6.232984e-03 2.107733e-02
-9.000000e-02 3.500000e-02 1.332182e-01 -6.536622e-03 -8.500000e-02 4.000000e-02 1.322484e-01 -1.322664e-02
-8.500000e-02 4.000000e-02 1.322484e-01 -1.322664e-02 -8.000000e-02 4.500000e-02 1.308556e-01 -2.057298e-02
1.200000e-01 3.500000e-02 -1.105966e-01 2.130403e-02 1.200000e-01 4.500000e-02 -1.085393e-01 8.681914e-03
4.600000e-01 3.500000e-02 1.516481e-02 2.364491e-02 4.600000e-01 4.500000e-02 1.482033e-02 2.364098e-02
-4.300000e-01 4.500000e-02 6.232984e-03 2.107733e-02 -4.300000e-01 5.500000e-02 5.333282e-03 2.125932e-02
-8.000000e-02 4.500000e-02 1.308556e-01 -2.057298e-02 -8.000000e-02 5.500000e-02 1.276965e-01 -3.192949e-02
1.150000e-01 5.000000e-02 -1.066665e-01 9.856850e-04 1.100000e-01 5.500000e-02 -1.041573e-01 -7.527090e-03
1.200000e-01 4.500000e-02 -1.085393e-01 8.681914e-03 1.150000e-01 5.000000e-02 -1.066665e-01 9.856850e-04
4.600000e-01 4.500000e-02 1.482033e-02 2.364098e-02 4.600000e-01 5.500000e-02 1.460536e-02 2.361286e-02
-4.300000e-01 5.500000e-02 5.333282e-03 2.125932e-02 -4.250000e-01 6.000000e-02 7.523996e-03 2.087484e-02
-4.250000e-01 6.000000e-02 7.523996e-03 2.087484e-02 -4.200000e-01 6.500000e-02 9.681957e-03 2.042462e-02
-8.000000e-02 5.500000e-02 1.276965e-01 -3.192949e-02 -7.500000e-02 6.000000e-02 1.250424e-01 -3.887258e-02
-7.500000e-02 6.000000e-02 1.250424e-01 -3.887258e-02 -7.000000e-02 6.500000e-02 1.217033e-01 -4.636501e-02
1.100000e-01 5.500000e-02 -1.041573e-01 -7.527090e-03 1.100000e-01 6.500000e-02 -9.941260e-02 -1.995808e-02
4.600000e-01 5.500000e-02 1.460536e-02 2.361286e-02 4.600000e-01 6.500000e-02 1.452007e-02 2.356965e-02
-4.200000e-01 6.500000e-02 9.681957e-03 2.042462e-02 -4.200000e-01 7.500000e-02 8.529471e-03 2.063466e-02
-7.000000e-02 6.500000e-02 1.217033e-01 -4.636501e-02 -7.000000e-02 7.500000e-02 1.168187e-01 -5.532712e-02
1.100000e-01 6.500000e-02 -9.941260e-02 -1.995808e-02 1.100000e-01 7.500000e-02 -9.390967e-02 -3.120193e-02
4.600000e-01 6.500000e-02 1.452007e-02 2.356965e-02 4.600000e-01 7.500000e-02 1.456406e-02 2.352056e-02
-4.200000e-01 7.500000e-02 8.529471e-03 2.063466e-02 -4.200000e-01 8.500000e-02 7.259028e-03 2.093188e-02
-7.000000e-02 7.500000e-02 1.168187e-01 -5.532712e-02 -6.500000e-02 8.000000e-02 1.126653e-01 -6.157951e-02
-6.500000e-02 8.000000e-02 1.126653e-01 -6.157951e-02 -6.000000e-02 8.500000e-02 1.077276e-01 -6.805868e-02
1.050000e-01 8.000000e-02 -8.928247e-02 -3.913276e-02 1.000000e-01 8.500000e-02 -8.373016e-02 -4.752376e-02
1.100000e-01 7.500000e-02 -9.390967e-02 -3.120193e-02 1.050000e-01 8.000000e-02 -8.928247e-02 -3.913276e-02
4.600000e-01 7.500000e-02 1.456406e-02 2.352056e-02 4.600000e-01 8.500000e-02 1.473638e-02 2.347486e-02
-4.200000e-01 8.500000e-02 7.259028e-03 2.093188e-02 -4.200000e-01 9.500000e-02 5.874710e-03 2.132283e-02
-6.000000e-02 8.500000e-02 1.077276e-01 -6.805868e-02 -5.500000e-02 9.000000e-02 1.026725e-01 -7.372436e-02
-5.500000e-02 9.000000e-02 1.026725e-01 -7.372436e-02 -5.000000e-02 9.500000e-02 9.684176e-02 -7.938468e-02
9.500000e-02 9.000000e-02 -7.784641e-02 -5.515799e-02 9.000000e-02 9.500000e-02 -7.102049e-02 -6.296460e-02
1.000000e-01 8.500000e-02 -8.373016e-02 -4.752376e-02 9.500000e-02 9.000000e-02 -7.784641e-02 -5.515799e-02
4.600000e-01 8.500000e-02 1.473638e-02 2.347486e-02 4.600000e-01 9.500000e-02 1.503559e-02 2.344179e-02
-4.200000e-01 9.500000e-02 5.874710e-03 2.132283e-02 -4.150000e-01 1.000000e-01 7.765195e-03 2.082154e-02
-4.150000e-01 1.000000e-01 7.765195e-03 2.082154e-02 -4.100000e-01 1.050000e-01 9.611871e-03 2.025312e-02
-5.000000e-02 9.500000e-02 9.684176e-02 -7.938468e-02 -4.500000e-02 1.000000e-01 9.113099e-02 -8.418019e-02
-4.500000e-02 1.000000e-01 9.113099e-02 -8.418019e-02 -4.000000e-02 1.050000e-01 8.475564e-02 -8.874263e-02
8.500000e-02 1.000000e-01 -6.418494e-02 -6.978614e-02 8.000000e-02 1.050000e-01 -5.654529e-02 -7.644640e-02
9.000000e-02 9.500000e-02 -7.102049e-02 -6.296460e-02 8.500000e-02 1.000000e-01 -6.418494e-02 -6.978614e-02
4.600000e-01 9.500000e-02 1.503559e-02 2.344179e-02 4.600000e-01 1.050000e-01 1.545974e-02 2.343054e-02
-4.100000e-01 1.050000e-01 9.611871e-03 2.025312e-02 -4.100000e-01 1.150000e-01 7.984784e-03 2.074525e-02
-4.000000e-02 1.050000e-01 8.475564e-02 -8.874263e-02 -3.500000e-02 1.100000e-01 7.870613e-02 -9.249531e-02
-3.500000e-02 1.100000e-01 7.870613e-02 -9.249531e-02 -2.500000e-02 1.100000e-01 7.006781e-02 -9.693634e-02
-2.500000e-02 1.100000e-01 7.006781e-02 -9.693634e-02 -2.000000e-02 1.150000e-01 6.316912e-02 -9.975206e-02
7.500000e-02 1.100000e-01 -4.921508e-02 -8.206081e-02 7.000000e-02 1.150000e-01 -4.134071e-02 -8.723491e-02
8.000000e-02 1.050000e-01 -5.654529e-02 -7.644640e-02 7.500000e-02 1.100000e-01 -4.921508e-02 -8.206081e-02
4.600000e-01 1.050000e-01 1.545974e-02 2.343054e-02 4.600000e-01 1.150000e-01 1.600628e-02 2.345017e-02
-4.100000e-01 1.150000e-01 7.984784e-03 2.074525e-02 -4.100000e-01 1.250000e-01 6.255057e-03 2.135259e-02
-2.000000e-02 1.150000e-01 6.316912e-02 -9.975206e-02 -1.500000e-02 1.200000e-01 5.683651e-02 -1.019262e-01
-1.500000e-02 1.200000e-01 5.683651e-02 -1.019262e-01 -5.000000e-03 1.200000e-01 4.651568e-02 -1.045400e-01
-5.000000e-03 1.200000e-01 4.651568e-02 -1.045400e-01 5.000000e-03 1.200000e-01 3.530934e-02 -1.061574e-01
5.000000e-03 1.200000e-01 3.530934e-02 -1.061574e-01 1.500000e-02 1.200000e-01 2.346184e-02 -1.066203e-01
1.500000e-02 1.200000e-01 2.346184e-02 -1.066203e-01 2.500000e-02 1.200000e-01 1.128568e-02 -1.058377e-01
2.500000e-02 1.200000e-01 1.128568e-02 -1.058377e-01 3.500000e-02 1.200000e-01 -8.697325e-04 -1.038065e-01
3.500000e-02 1.200000e-01 -8.697325e-04 -1.038065e-01 4.500000e-02 1.200000e-01 -1.265902e-02 -1.006152e-01
4.500000e-02 1.200000e-01 -1.265902e-02 -1.006152e-01 5.500000e-02 1.200000e-01 -2.378023e-02 -9.642810e-02
5.500000e-02 1.200000e-01 -2.378023e-02 -9.642810e-02 6.500000e-02 1.200000e-01 -3.400232e-02 -9.145719e-02
7.000000e-02 1.150000e-01 -4.134071e-02 -8.723491e-02 6.500000e-02 1.200000e-01 -3.400232e-02 -9.145719e-02
4.600000e-01 1.150000e-01 1.600628e-02 2.345017e-02 4.600000e-01 1.250000e-01 1.667228e-02 2.350952e-02
-4.100000e-01 1.250000e-01 6.255057e-03 2.135259e-02 -4.050000e-01 1.300000e-01 7.902296e-03 2.080295e-02
-4.050000e-01 1.300000e-01 7.902296e-03 2.080295e-02 -4.000000e-01 1.350000e-01 9.496963e-03 2.018800e-02
4.600000e-01 1.250000e-01 1.667228e-02 2.350952e-02 4.600000e-01 1.350000e-01 1.745435e-02 2.361723e-02
-4.000000e-01 1.350000e-01 9.496963e-03 2.018800e-02 -4.000000e-01 1.450000e-01 7.541215e-03 2.094870e-02
4.600000e-01 1.350000e-01 1.745435e-02 2.361723e-02 4.600000e-01 1.450000e-01 1.834866e-02 2.378159e-02
-4.000000e-01 1.450000e-01 7.541215e-03 2.094870e-02 -3.950000e-01 1.500000e-01 9.007286e-03 2.037386e-02
-3.950000e-01 1.500000e-01 9.007286e-03 2.037386e-02 -3.900000e-01 1.550000e-01 1.041459e-02 1.973599e-02
4.600000e-01 1.450000e-01 1.834866e-02 2.378159e-02 4.600000e-01 1.550000e-01 1.935097e-02 2.401057e-02
-3.900000e-01 1.550000e-01 1.041459e-02 1.973599e-02 -3.900000e-01 1.650000e-01 8.247272e-03 2.068504e-02
4.550000e-01 1.600000e-01 1.743151e-02 2.360854e-02 4.500000e-01 1.650000e-01 1.558084e-02 2.312594e-02
4.600000e-01 1.550000e-01 1.935097e-02 2.401057e-02 4.550000e-01 1.600000e-01 1.743151e-02 2.360854e-02
-3.900000e-01 1.650000e-01 8.247272e-03 2.068504e-02 -3.850000e-01 1.700000e-01 9.531906e-03 2.010947e-02
-3.850000e-01 1.700000e-01 9.531906e-03 2.010947e-02 -3.800000e-01 1.750000e-01 1.075196e-02 1.947460e-02
4.500000e-01 1.650000e-01 1.558084e-02 2.312594e-02 4.500000e-01 1.750000e-01 1.684622e-02 2.340940e-02
-3.800000e-01 1.750000e-01 1.075196e-02 1.947460e-02 -3.800000e-01 1.850000e-01 8.391942e-03 2.064407e-02
4.500000e-01 1.750000e-01 1.684622e-02 2.340940e-02 4.500000e-01 1.850000e-01 1.820667e-02 2.378422e-02
-3.800000e-01 1.850000e-01 8.391942e-03 2.064407e-02 -3.750000e-01 1.900000e-01 9.498179e-03 2.009261e-02
-3.750000e-01 1.900000e-01 9.498179e-03 2.009261e-02 -3.700000e-01 1.950000e-01 1.053477e-02 1.948694e-02
4.500000e-01 1.850000e-01 1.820667e-02 2.378422e-02 4.500000e-01 1.950000e-01 1.965646e-02 2.425677e-02
-3.700000e-01 1.950000e-01 1.053477e-02 1.948694e-02 -3.700000e-01 2.050000e-01 8.004551e-03 2.090505e-02
4.450000e-01 2.000000e-01 1.811690e-02 2.377848e-02 4.400000e-01 2.050000e-01 1.665738e-02 2.322644e-02
4.500000e-01 1.950000e-01 1.965646e-02 2.425677e-02 4.450000e-01 2.000000e-01 1.811690e-02 2.377848e-02
-3.700000e-01 2.050000e-01 8.004551e-03 2.090505e-02 -3.650000e-01 2.100000e-01 8.938739e-03 2.040214e-02
-3.650000e-01 2.100000e-01 8.938739e-03 2.040214e-02 -3.600000e-01 2.150000e-01 9.799078e-03 1.985132e-02
4.400000e-01 2.050000e-01 1.665738e-02 2.322644e-02 4.400000e-01 2.150000e-01 1.833534e-02 2.383661e-02
-3.600000e-01 2.150000e-01 9.799078e-03 1.985132e-02 -3.550000e-01 2.200000e-01 1.061325e-02 1.935932e-02
-3.550000e-01 2.200000e-01 1.061325e-02 1.935932e-02 -3.500000e-01 2.250000e-01 1.135036e-02 1.882294e-02
4.400000e-01 2.150000e-01 1.833534e-02 2.383661e-02 4.400000e-01 2.250000e-01 2.008486e-02 2.456642e-02
-3.500000e-01 2.250000e-01 1.135036e-02 1.882294e-02 -3.500000e-01 2.350000e-01 8.590543e-03 2.063875e-02
4.350000e-01 2.300000e-01 1.883447e-02 2.408619e-02 4.300000e-01 2.350000e-01 1.767080e-02 2.354099e-02
4.400000e-01 2.250000e-01 2.008486e-02 2.456642e-02 4.350000e-01 2.300000e-01 1.883447e-02 2.408619e-02
-3.500000e-01 2.350000e-01 8.590543e-03 2.063875e-02 -3.450000e-01 2.400000e-01 9.246676e-03 2.023332e-02
-3.450000e-01 2.400000e-01 9.246676e-03 2.023332e-02 -3.400000e-01 2.450000e-01 9.823415e-03 1.979148e-02
4.300000e-01 2.350000e-01 1.767080e-02 2.354099e-02 4.300000e-01 2.450000e-01 1.961165e-02 2.446648e-02
-3.400000e-01 2.450000e-01 9.823415e-03 1.979148e-02 -3.350000e-01 2.500000e-01 1.036600e-02 1.942098e-02
-3.350000e-01 2.500000e-01 1.036600e-02 1.942098e-02 -3.300000e-01 2.550000e-01 1.082717e-02 1.901871e-02
4.250000e-01 2.500000e-01 1.857068e-02 2.400163e-02 4.200000e-01 2.550000e-01 1.762037e-02 2.347941e-02
4.300000e-01 2.450000e-01 1.961165e-02 2.446648e-02 4.250000e-01 2.500000e-01 1.857068e-02 2.400163e-02
-3.300000e-01 2.550000e-01 1.082717e-02 1.901871e-02 -3.300000e-01 2.650000e-01 7.906390e-03 2.128659e-02
4.200000e-01 2.550000e-01 1.762037e-02 2.347941e-02 4.200000e-01 2.650000e-01 1.972316e-02 2.463885e-02
-3.300000e-01 2.650000e-01 7.906390e-03 2.128659e-02 -3.250000e-01 2.700000e-01 8.312750e-03 2.103676e-02
-3.250000e-01 2.700000e-01 8.312750e-03 2.103676e-02 -3.200000e-01 2.750000e-01 8.637570e-03 2.076399e-02
4.150000e-01 2.700000e-01 1.887892e-02 2.422224e-02 4.100000e-01 2.750000e-01 1.812762e-02 2.375730e-02
4.200000e-01 2.650000e-01 1.972316e-02 2.463885e-02 4.150000e-01 2.700000e-01 1.887892e-02 2.422224e-02
-3.200000e-01 2.750000e-01 8.637570e-03 2.076399e-02 -3.150000e-01 2.800000e-01 8.942065e-03 2.057132e-02
-3.150000e-01 2.800000e-01 8.942065e-03 2.057132e-02 -3.100000e-01 2.850000e-01 9.164336e-03 2.036104e-02
4.050000e-01 2.800000e-01 1.742199e-02 2.335498e-02 4.000000e-01 2.850000e-01 1.681122e-02 2.290985e-02
4.100000e-01 2.750000e-01 1.812762e-02 2.375730e-02 4.050000e-01 2.800000e-01 1.742199e-02 2.335498e-02
-3.100000e-01 2.850000e-01 9.164336e-03 2.036104e-02 -3.050000e-01 2.900000e-01 9.371794e-03 2.023409e-02
-3.050000e-01 2.900000e-01 9.371794e-03 2.023409e-02 -3.000000e-01 2.950000e-01 9.496880e-03 2.009509e-02
4.000000e-01 2.850000e-01 1.681122e-02 2.290985e-02 4.000000e-01 2.950000e-01 1.912394e-02 2.447213e-02
-3.000000e-01 2.950000e-01 9.496880e-03 2.009509e-02 -2.950000e-01 3.000000e-01 9.612786e-03 2.004193e-02
-2.950000e-01 3.000000e-01 9.612786e-03 2.004193e-02 -2.900000e-01 3.050000e-01 9.646795e-03 1.998251e-02
3.950000e-01 3.000000e-01 1.858803e-02 2.416979e-02 3.900000e-01 3.050000e-01 1.814635e-02 2.383547e-02
4.000000e-01 2.950000e-01 1.912394e-02 2.447213e-02 3.950000e-01 3.000000e-01 1.858803e-02 2.416979e-02
-2.900000e-01 3.050000e-01 9.646795e-03 1.998251e-02 -2.850000e-01 3.100000e-01 9.677436e-03 2.001086e-02
-2.850000e-01 3.100000e-01 9.677436e-03 2.001086e-02 -2.800000e-01 3.150000e-01 9.627194e-03 2.003873e-02
3.850000e-01 3.100000e-01 1.773335e-02 2.358034e-02 3.800000e-01 3.150000e-01 1.741449e-02 2.330002e-02
3.900000e-01 3.050000e-01 1.814635e-02 2.383547e-02 3.850000e-01 3.100000e-01 1.773335e-02 2.358034e-02
-2.800000e-01 3.150000e-01 9.627194e-03 2.003873e-02 -2.750000e-01 3.200000e-01 9.579426e-03 2.015571e-02
-2.750000e-01 3.200000e-01 9.579426e-03 2.015571e-02 -2.700000e-01 3.250000e-01 9.452443e-03 2.027799e-02
3.750000e-01 3.200000e-01 1.711729e-02 2.310476e-02 3.700000e-01 3.250000e-01 1.691353e-02 2.289147e-02
3.800000e-01 3.150000e-01 1.741449e-02 2.330002e-02 3.750000e-01 3.200000e-01 1.711729e-02 2.310476e-02
-2.700000e-01 3.250000e-01 9.452443e-03 2.027799e-02 -2.650000e-01 3.300000e-01 9.333686e-03 2.049004e-02
-2.650000e-01 3.300000e-01 9.333686e-03 2.049004e-02 -2.550000e-01 3.300000e-01 1.197099e-02 1.746114e-02
-2.550000e-01 3.300000e-01 1.197099e-02 1.746114e-02 -2.500000e-01 3.350000e-01 1.169774e-02 1.769867e-02
3.650000e-01 3.300000e-01 1.672410e-02 2.276848e-02 3.600000e-01 3.350000e-01 1.662646e-02 2.263486e-02
3.700000e-01 3.250000e-01 1.691353e-02 2.289147e-02 3.650000e-01 3.300000e-01 1.672410e-02 2.276848e-02
-2.500000e-01 3.350000e-01 1.169774e-02 1.769867e-02 -2.450000e-01 3.400000e-01 1.144174e-02 1.802808e-02
-2.450000e-01 3.400000e-01 1.144174e-02 1.802808e-02 -2.400000e-01 3.450000e-01 1.111142e-02 1.837757e-02
3.550000e-01 3.400000e-01 1.653568e-02 2.259594e-02 3.500000e-01 3.450000e-01 1.653430e-02 2.255395e-02
3.600000e-01 3.350000e-01 1.662646e-02 2.263486e-02 3.550000e-01 3.400000e-01 1.653568e-02 2.259594e-02
-2.400000e-01 3.450000e-01 1.111142e-02 1.837757e-02 -2.350000e-01 3.500000e-01 1.080388e-02 1.881806e-02
-2.350000e-01 3.500000e-01 1.080388e-02 1.881806e-02 -2.300000e-01 3.550000e-01 1.042577e-02 1.928393e-02
3.450000e-01 3.500000e-01 1.653218e-02 2.261022e-02 3.400000e-01 3.550000e-01 1.661619e-02 2.267102e-02
3.500000e-01 3.450000e-01 1.653430e-02 2.255395e-02 3.450000e-01 3.500000e-01 1.653218e-02 2.261022e-02
-2.300000e-01 3.550000e-01 1.042577e-02 1.928393e-02 -2.250000e-01 3.600000e-01 1.007562e-02 1.983927e-02
-2.250000e-01 3.600000e-01 1.007562e-02 1.983927e-02 -2.150000e-01 3.600000e-01 1.212803e-02 1.695339e-02
-2.150000e-01 3.600000e-01 1.212803e-02 1.695339e-02 -2.100000e-01 3.650000e-01 1.164612e-02 1.757329e-02
3.250000e-01 3.600000e-01 1.452149e-02 2.034615e-02 3.200000e-01 3.650000e-01 1.476116e-02 2.053597e-02
3.250000e-01 3.600000e-01 1.452149e-02 2.034615e-02 3.350000e-01 3.600000e-01 1.669200e-02 2.283274e-02
3.400000e-01 3.550000e-01 1.661619e-02 2.267102e-02 3.350000e-01 3.600000e-01 1.669200e-02 2.283274e-02
-2.100000e-01 3.650000e-01 1.164612e-02 1.757329e-02 -2.050000e-01 3.700000e-01 1.120062e-02 1.828140e-02
-2.050000e-01 3.700000e-01 1.120062e-02 1.828140e-02 -2.000000e-01 3.750000e-01 1.069473e-02 1.902819e-02
3.150000e-01 3.700000e-01 1.498103e-02 2.083152e-02 3.100000e-01 3.750000e-01 1.527741e-02 2.115053e-02
3.200000e-01 3.650000e-01 1.476116e-02 2.053597e-02 3.150000e-01 3.700000e-01 1.498103e-02 2.083152e-02
-2.000000e-01 3.750000e-01 1.069473e-02 1.902819e-02 -1.950000e-01 3.800000e-01 1.022952e-02 1.986024e-02
-1.950000e-01 3.800000e-01 1.022952e-02 1.986024e-02 -1.850000e-01 3.800000e-01 1.189013e-02 1.715851e-02
-1.850000e-01 3.800000e-01 1.189013e-02 1.715851e-02 -1.800000e-01 3.850000e-01 1.131687e-02 1.807932e-02
2.950000e-01 3.800000e-01 1.382999e-02 1.917804e-02 2.900000e-01 3.850000e-01 1.423917e-02 1.966847e-02
2.950000e-01 3.800000e-01 1.382999e-02 1.917804e-02 3.050000e-01 3.800000e-01 1.554685e-02 2.157572e-02
3.100000e-01 3.750000e-01 1.527741e-02 2.115053e-02 3.050000e-01 3.800000e-01 1.554685e-02 2.157572e-02
-1.800000e-01 3.850000e-01 1.131687e-02 1.807932e-02 -1.750000e-01 3.900000e-01 1.079148e-02 1.908208e-02
-1.750000e-01 3.900000e-01 1.079148e-02 1.908208e-02 -1.650000e-01 3.900000e-01 1.220553e-02 1.652236e-02
-1.650000e-01 3.900000e-01 1.220553e-02 1.652236e-02 -1.600000e-01 3.950000e-01 1.158872e-02 1.762726e-02
2.850000e-01 3.900000e-01 1.461023e-02 2.026649e-02 2.800000e-01 3.950000e-01 1.504353e-02 2.090569e-02
2.900000e-01 3.850000e-01 1.423917e-02 1.966847e-02 2.850000e-01 3.900000e-01 1.461023e-02 2.026649e-02
-1.600000e-01 3.950000e-01 1.158872e-02 1.762726e-02 -1.550000e-01 4.000000e-01 1.102589e-02 1.880946e-02
-1.550000e-01 4.000000e-01 1.102589e-02 1.880946e-02 -1.450000e-01 4.000000e-01 1.221625e-02 1.641663e-02
-1.450000e-01 4.000000e-01 1.221625e-02 1.641663e-02 -1.400000e-01 4.050000e-01 1.158068e-02 1.771209e-02
2.550000e-01 4.000000e-01 1.291806e-02 1.725301e-02 2.500000e-01 4.050000e-01 1.346317e-02 1.815143e-02
2.550000e-01 4.000000e-01 1.291806e-02 1.725301e-02 2.650000e-01 4.000000e-01 1.410688e-02 1.943540e-02
2.650000e-01 4.000000e-01 1.410688e-02 1.943540e-02 2.750000e-01 4.000000e-01 1.543274e-02 2.165064e-02
2.800000e-01 3.950000e-01 1.504353e-02 2.090569e-02 2.750000e-01 4.000000e-01 1.543274e-02 2.165064e-02
-1.400000e-01 4.050000e-01 1.158068e-02 1.771209e-02 -1.350000e-01 4.100000e-01 1.100402e-02 1.907924e-02
-1.350000e-01 4.100000e-01 1.100402e-02 1.907924e-02 -1.250000e-01 4.100000e-01 1.199767e-02 1.687506e-02
-1.250000e-01 4.100000e-01 1.199767e-02 1.687506e-02 -1.150000e-01 4.100000e-01 1.286308e-02 1.475034e-02
-1.150000e-01 4.100000e-01 1.286308e-02 1.475034e-02 -1.100000e-01 4.150000e-01 1.221362e-02 1.630364e-02
2.350000e-01 4.100000e-01 1.298355e-02 1.713029e-02 2.300000e-01 4.150000e-01 1.354815e-02 1.825664e-02
2.350000e-01 4.100000e-01 1.298355e-02 1.713029e-02 2.450000e-01 4.100000e-01 1.395052e-02 1.915405e-02
2.500000e-01 4.050000e-01 1.346317e-02 1.815143e-02 2.450000e-01 4.100000e-01 1.395052e-02 1.915405e-02
-1.100000e-01 4.150000e-01 1.221362e-02 1.630364e-02 -1.050000e-01 4.200000e-01 1.162874e-02 1.792048e-02
-1.050000e-01 4.200000e-01 1.162874e-02 1.792048e-02 -9.500000e-02 4.200000e-01 1.233894e-02 1.601241e-02
-9.500000e-02 4.200000e-01 1.233894e-02 1.601241e-02 -8.500000e-02 4.200000e-01 1.293566e-02 1.419948e-02
-8.500000e-02 4.200000e-01 1.293566e-02 1.419948e-02 -8.000000e-02 4.250000e-01 1.232343e-02 1.601510e-02
2.050000e-01 4.200000e-01 1.260255e-02 1.587890e-02 2.000000e-01 4.250000e-01 1.317264e-02 1.731606e-02
2.050000e-01 4.200000e-01 1.260255e-02 1.587890e-02 2.150000e-01 4.200000e-01 1.326750e-02 1.764716e-02
2.150000e-01 4.200000e-01 1.326750e-02 1.764716e-02 2.250000e-01 4.200000e-01 1.404723e-02 1.948266e-02
2.300000e-01 4.150000e-01 1.354815e-02 1.825664e-02 2.250000e-01 4.200000e-01 1.404723e-02 1.948266e-02
-8.000000e-02 4.250000e-01 1.232343e-02 1.601510e-02 -7.500000e-02 4.300000e-01 1.177855e-02 1.788505e-02
-7.500000e-02 4.300000e-01 1.177855e-02 1.788505e-02 -6.500000e-02 4.300000e-01 1.226802e-02 1.630848e-02
-6.500000e-02 4.300000e-01 1.226802e-02 1.630848e-02 -5.500000e-02 4.300000e-01 1.266278e-02 1.483958e-02
-5.500000e-02 4.300000e-01 1.266278e-02 1.483958e-02 -4.500000e-02 4.300000e-01 1.296836e-02 1.348286e-02
-4.500000e-02 4.300000e-01 1.296836e-02 1.348286e-02 -4.000000e-02 4.350000e-01 1.245963e-02 1.562369e-02
1.650000e-01 4.300000e-01 1.236294e-02 1.447802e-02 1.600000e-01 4.350000e-01 1.286924e-02 1.632243e-02
1.650000e-01 4.300000e-01 1.236294e-02 1.447802e-02 1.750000e-01 4.300000e-01 1.270534e-02 1.584490e-02
1.750000e-01 4.300000e-01 1.270534e-02 1.584490e-02 1.850000e-01 4.300000e-01 1.313871e-02 1.730263e-02
1.850000e-01 4.300000e-01 1.313871e-02 1.730263e-02 1.950000e-01 4.300000e-01 1.366822e-02 1.884549e-02
2.000000e-01 4.250000e-01 1.317264e-02 1.731606e-02 1.950000e-01 4.300000e-01 1.366822e-02 1.884549e-02
-4.000000e-02 4.350000e-01 1.245963e-02 1.562369e-02 -3.500000e-02 4.400000e-01 1.201807e-02 1.780659e-02
-3.500000e-02 4.400000e-01 1.201807e-02 1.780659e-02 -2.500000e-02 4.400000e-01 1.228390e-02 1.670051e-02
-2.500000e-02 4.400000e-01 1.228390e-02 1.670051e-02 -1.500000e-02 4.400000e-01 1.248325e-02 1.571399e-02
-1.500000e-02 4.400000e-01 1.248325e-02 1.571399e-02 -5.000000e-03 4.400000e-01 1.262309e-02 1.485002e-02
-5.000000e-03 4.400000e-01 1.262309e-02 1.485002e-02 5.000000e-03 4.400000e-01 1.271074e-02 1.411104e-02
5.000000e-03 4.400000e-01 1.271074e-02 1.411104e-02 1.500000e-02 4.400000e-01 1.275385e-02 1.349920e-02
1.500000e-02 4.400000e-01 1.275385e-02 1.349920e-02 2.500000e-02 4.400000e-01 1.276033e-02 1.301599e-02
2.500000e-02 4.400000e-01 1.276033e-02 1.301599e-02 3.500000e-02 4.400000e-01 1.273832e-02 1.266259e-02
3.500000e-02 4.400000e-01 1.273832e-02 1.266259e-02 4.500000e-02 4.400000e-01 1.269615e-02 1.243955e-02
4.500000e-02 4.400000e-01 1.269615e-02 1.243955e-02 5.500000e-02 4.400000e-01 1.264224e-02 1.234693e-02
5.500000e-02 4.400000e-01 1.264224e-02 1.234693e-02 6.500000e-02 4.400000e-01 1.258511e-02 1.238430e-02
6.500000e-02 4.400000e-01 1.258511e-02 1.238430e-02 7.500000e-02 4.400000e-01 1.253329e-02 1.255068e-02
7.500000e-02 4.400000e-01 1.253329e-02 1.255068e-02 8.500000e-02 4.400000e-01 1.249525e-02 1.284456e-02
8.500000e-02 4.400000e-01 1.249525e-02 1.284456e-02 9.500000e-02 4.400000e-01 1.247937e-02 1.326394e-02
9.500000e-02 4.400000e-01 1.247937e-02 1.326394e-02 1.050000e-01 4.400000e-01 1.249390e-02 1.380638e-02
1.050000e-01 4.400000e-01 1.249390e-02 1.380638e-02 1.150000e-01 4.400000e-01 1.254684e-02 1.446888e-02
1.150000e-01 4.400000e-01 1.254684e-02 1.446888e-02 1.250000e-01 4.400000e-01 1.264599e-02 1.524812e-02
1.250000e-01 4.400000e-01 1.264599e-02 1.524812e-02 1.350000e-01 4.400000e-01 1.279883e-02 1.614034e-02
1.350000e-01 4.400000e-01 1.279883e-02 1.614034e-02 1.450000e-01 4.400000e-01 1.301250e-02 1.714134e-02
1.450000e-01 4.400000e-01 1.301250e-02 1.714134e-02 1.550000e-01 4.400000e-01 1.329380e-02 1.824680e-02
1.600000e-01 4.350000e-01 1.286924e-02 1.632243e-02 1.550000e-01 4.400000e-01 1.329380e-02 1.824680e-02
